11766
11798
11823
11851
11889
11914
11936
11957
12023
12058
12094
12121
12151
12177
12201
12231
12256
12283
12315
12357
12384
12410
12435
12460
12481
12507
12535
12556
12617
12654
12679
12701
12724
12747
12774
12795
12821
12843
12868
12891
12916
12942
12965
12988
13016
13040
13060
13083
13109
13140
13224
13259
13281
13316
13341
13369
13409
13433
13460
13493
13516
13536
13559
13585
13625
13654
13680
13705
13728
13750
13778
13800
13824
13860
13890
13944
13975
14000
14026
14048
14164
14192
14218
14241
14278
14303
14328
14356
14385
14422
14448
14477
14505
14532
14557
14584
14611
14638
14791
14818
14891
14951
14982
15009
15040
15065
15089
15114
15141
15169
15198
15224
15254
15278
15306
15331
15363
15442
15477
15501
15526
15555
15582
15607
15630
15656
15683
15722
15751
15795
15826
15851
15877
15905
15946
15972
15997
16025
16049
16075
16099
16131
16157
16186
16211
16237
16261
16283
16310
16332
16360
16387
16413
16443
16468
16542
16589
16623
16667
16691
16716
16748
16802
16856
16923
16950
16973
16994
17022
17048
17076
17098
17127
17152
17175
17198
17262
17353
17392
17429
17450
17473
17506
17526
17557
17581
17607
17633
17656
17680
17709
17729
17757
17778
17800
17826
17849
17873
17899
17923
17947
17971
17995
18020
18045
18066
18226
18300
18323
18348
18368
18397
18420
18445
18471
18495
18519
18542
18566
18595
18618
18645
18672
18696
18720
18744
18768
18791
18816
18836
18862
18885
18911
19301
19409
19455
19493
19524
19553
19580
19613
19664
19700
19789
19812
19842
19872
19901
19948
19990
20019
20047
20078
20101
20123
20166
20253
20280
20305
20329
20362
20386
20410
20447
20471
20492
20515
20546
20574
20606
20630
20661
20702
20737
20769
20805
20827
20853
20877
20899
20924
20977
21015
21068
21172
21278
21303
21326
21352
21425
21454
21479
21506
21536
21559
21582
21624
21651
21687
21712
21739
21771
21791
21817
21845
21868
21891
21916
21937
21964
21984
22010
22036
22058
22084
22113
22134
22158
22182
22215
22236
22260
22282
22307
22332
22394
22423
22443
22474
22494
22520
22544
22564
22587
22610
22632
22655
22686
22710
22732
22755
22777
22797
22820
22930
22958
22985
23009
23164
23285
23317
23339
23359
23386
23408
23441
23474
23496
23522
23589
23610
23635
23683
23706
23728
23765
23790
23814
23840
23867
23893
23919
23942
23988
24013
24037
24070
24095
24135
24167
24201
24221
24313
24336
24359
24381
24403
24424
24448
24471
24497
24519
24542
24566
24586
24609
24634
24660
24688
24710
24732
24754
24774
24803
24830
24861
24888
24910
24931
25013
25035
25059
25079
25105
25128
25154
25178
25212
25251
25272
25294
25316
25341
25363
25441
25463
25487
25519
25595
25656
25683
25714
25750
25781
25809
25898
25949
25971
25998
26026
26050
26084
26114
26138
26163
26187
26213
26242
26270
26314
26354
26381
26407
26449
26474
26510
26541
26574
26603
26635
26755
26782
26808
26838
26861
26891
26928
26958
26984
27013
27046
27076
27100
27124
27148
27172
27195
27218
27240
27266
27286
27311
27334
27366
27388
27411
27433
27463
27486
27510
27532
27555
27579
27603
27629
27651
27672
27697
27724
27750
27773
27797
27824
27860
27881
27905
27930
27954
27993
28016
28037
28059
28084
28109
28130
28154
28178
28200
28223
28245
28272
28298
28319
28341
28739
28770
28796
28826
28849
28900
28977
29000
29026
29053
29092
29139
29171
29203
29228
29250
29285
29362
29388
29417
29441
29474
29505
29549
29578
29606
29639
29669
29702
29741
29769
29801
29832
29876
29902
29925
29947
29974
30009
30034
30057
30086
30109
30134
30155
30178
30201
30260
30283
30312
30345
30370
30400
30426
30459