11777
11811
11835
11868
11899
11924
11946
12008
12034
12082
12110
12140
12166
12190
12216
12244
12267
12302
12326
12368
12398
12422
12446
12471
12494
12519
12545
12605
12628
12668
12689
12714
12734
12761
12785
12809
12831
12857
12878
12904
12926
12955
12977
13003
13028
13050
13073
13097
13122
13198
13235
13269
13292
13330
13356
13393
13420
13443
13478
13503
13526
13549
13573
13603
13640
13668
13690
13716
13739
13763
13789
13813
13836
13872
13903
13962
13987
14012
14038
14059
14176
14204
14231
14259
14291
14315
14342
14369
14398
14436
14465
14495
14518
14544
14571
14599
14623
14649
14805
14830
14903
14965
14998
15021
15054
15078
15099
15125
15153
15183
15211
15235
15266
15288
15317
15350
15375
15452
15490
15513
15540
15567
15593
15618
15644
15670
15697
15733
15770
15808
15837
15861
15895
15932
15960
15985
16013
16038
16061
16089
16120
16145
16170
16197
16222
16248
16272
16295
16321
16345
16375
16400
16429
16453
16478
16575
16601
16644
16680
16703
16730
16791
16827
16868
16938
16960
16984
17007
17038
17064
17087
17111
17138
17165
17188
17210
17274
17381
17414
17439
17462
17491
17516
17536
17568
17595
17622
17646
17667
17692
17719
17741
17767
17788
17813
17836
17862
17887
17912
17935
17960
17983
18007
18030
18055
18101
18288
18311
18334
18358
18386
18409
18433
18455
18482
18505
18530
18553
18578
18606
18634
18660
18684
18709
18731
18756
18778
18802
18826
18848
18873
18896
18930
19388
19425
19472
19506
19540
19566
19591
19640
19687
19716
19802
19826
19854
19883
19917
19961
20009
20035
20066
20088
20112
20152
20234
20267
20294
20315
20343
20376
20398
20429
20459
20482
20505
20528
20564
20594
20618
20645
20687
20722
20755
20793
20817
20842
20866
20889
20913
20963
21004
21050
21087
21268
21291
21316
21340
21412
21437
21467
21491
21518
21549
21569
21593
21638
21670
21700
21725
21754
21781
21803
21829
21856
21879
21904
21926
21951
21974
21998
22024
22046
22071
22098
22123
22146
22172
22197
22226
22248
22272
22296
22321
22351
22408
22433
22459
22484
22507
22530
22554
22576
22598
22620
22642
22667
22696
22722
22742
22765
22787
22807
22830
22947
22975
22999
23129
23273
23305
23327
23349
23372
23398
23431
23453
23486
23506
23532
23600
23624
23672
23695
23716
23738
23778
23804
23828
23854
23883
23905
23932
23978
24000
24024
24060
24080
24125
24155
24179
24211
24303
24326
24349
24369
24391
24413
24437
24461
24481
24507
24532
24553
24576
24599
24621
24647
24670
24700
24722
24742
24764
24789
24815
24847
24877
24898
24921
25002
25025
25047
25069
25094
25117
25142
25166
25188
25222
25261
25284
25304
25330
25353
25427
25453
25476
25497
25562
25618
25673
25699
25739
25766
25792
25860
25939
25959
25988
26010
26040
26070
26101
26128
26151
26173
26198
26229
26260
26292
26328
26368
26394
26434
26459
26491
26526
26555
26585
26619
26647
26768
26798
26821
26849
26876
26910
26946
26973
27001
27034
27058
27086
27113
27137
27159
27183
27205
27228
27251
27276
27298
27324
27352
27378
27401
27421
27445
27474
27496
27522
27544
27569
27590
27616
27639
27662
27686
27711
27735
27762
27787
27811
27846
27871
27893
27919
27943
27968
28004
28027
28049
28071
28095
28120
28144
28164
28188
28211
28233
28260
28283
28308
28329
28351
28755
28780
28814
28836
28861
28938
28990
29011
29036
29072
29126
29156
29190
29214
29239
29267
29333
29377
29407
29428
29453
29492
29524
29565
29593
29625
29651
29687
29720
29753
29784
29818
29849
29887
29915
29937
29958
29988
30019
30044
30068
30097
30121
30144
30168
30191
30250
30271
30299
30323
30357
30380
30416
30447
30469